0,191,0.9267
0,258,1.3664
0,117,0.8503
0,115,0.8839
0,217,0.9355
0,78,1.1124
0,203,1.1468
0,254,1.3267
0,182,1.1397
0,261,1.0823
0,197,0.8957
0,172,1.3584
0,13,0.8572
0,19,1.3873
0,35,1.1076
0,106,1.1495
0,131,0.9175
1,191,0.9455
1,258,1.3852
1,117,0.8691
1,115,0.9028
1,217,0.9544
1,78,1.1312
1,203,1.1656
1,254,1.3455
1,182,1.1585
1,261,1.1011
1,197,0.9146
1,172,1.3722
1,13,0.8760
1,15,0.8488
1,19,1.3685
1,35,1.1079
1,106,1.1683
1,131,0.9363
2,191,0.9626
2,258,1.4023
2,117,0.8862
2,115,0.9198
2,217,0.9714
2,78,1.1483
2,203,1.1826
2,254,1.3625
2,182,1.1755
2,261,1.1182
2,197,0.9316
2,172,1.3855
2,13,0.8931
2,15,0.8658
2,19,1.3641
2,35,1.1250
2,106,1.1853
2,131,0.9533
3,191,0.9875
3,258,1.4051
3,117,0.8974
3,115,0.9448
3,217,0.9964
3,78,1.1595
3,203,1.1939
3,254,1.3654
3,182,1.2005
3,261,1.1431
3,197,0.9566
3,172,1.4121
3,13,0.9180
3,15,0.8907
3,19,1.3375
3,35,1.0997
3,106,1.2103
3,131,0.9783
4,191,0.9877
4,258,1.4268
4,117,0.9107
4,115,0.9450
4,217,0.9966
4,78,1.1728
4,203,1.2072
4,254,1.3871
4,182,1.2007
4,261,1.1433
4,197,0.9568
4,172,1.4097
4,13,0.9182
4,15,0.8910
4,19,1.3389
4,35,1.1214
4,106,1.2105
4,131,0.9785
5,191,1.0142
5,258,1.4176
5,117,0.9241
5,115,0.9715
5,217,1.0231
5,78,1.1862
5,203,1.2206
5,254,1.3779
5,182,1.2272
5,261,1.1698
5,197,0.9832
5,172,1.4362
5,13,0.9447
5,15,0.9174
5,19,1.3124
5,35,1.1071
5,106,1.2370
5,131,1.0050
6,191,1.0333
6,258,1.4244
6,117,0.9432
6,115,0.9906
6,217,1.0421
6,78,1.2053
6,203,1.2397
6,254,1.3847
6,182,1.2463
6,261,1.1889
6,197,1.0023
6,172,1.4327
6,13,0.9638
6,15,0.9365
6,19,1.3046
6,35,1.1138
6,106,1.2561
6,131,1.0241
7,191,1.0504
7,258,1.4205
7,117,0.9552
7,115,1.0077
7,217,1.0593
7,78,1.2173
7,203,1.2517
7,254,1.3808
7,182,1.2634
7,261,1.2060
7,197,1.0195
7,172,1.4165
7,13,0.9809
7,15,0.9537
7,19,1.3006
7,35,1.1099
7,106,1.2732
7,131,1.0412
8,191,1.0662
8,258,1.4045
8,117,0.9683
8,115,1.0234
8,217,1.0750
8,78,1.2304
8,203,1.2647
8,254,1.3833
8,182,1.2791
8,261,1.2218
8,197,1.0352
8,172,1.4005
8,13,0.9967
8,15,0.9694
8,19,1.2846
8,35,1.1130
8,106,1.2889
8,131,1.0569
9,9,1.4636
10,191,0.9341
10,258,1.3796
10,117,0.9053
10,115,0.8913
10,217,0.9879
10,78,1.1674
10,203,1.2017
10,254,1.3820
10,182,1.1471
10,261,1.0897
10,197,0.9031
10,172,1.3218
10,13,0.9095
10,15,0.8823
10,19,1.4278
10,35,1.1694
10,106,1.1569
10,131,0.9698
11,73,1.1127
12,191,1.2224
12,258,0.9930
12,117,1.2825
12,115,1.3202
12,217,1.4203
12,78,1.1896
12,203,1.1615
12,254,1.0324
12,182,1.2158
12,261,1.1896
12,197,1.2523
12,172,0.9938
12,13,1.4224
12,15,1.3951
12,19,0.9149
12,35,1.0156
12,106,1.2066
12,131,1.3759
13,191,1.1865
13,258,0.9518
13,117,1.2413
13,115,1.2979
13,217,1.3791
13,78,1.1484
13,203,1.1203
13,254,0.9912
13,182,1.1746
13,261,1.1484
13,197,1.2164
13,172,0.9526
13,13,1.4636
13,15,1.4363
13,19,0.8737
13,35,0.9744
13,106,1.1654
13,131,1.3347
14,191,1.1837
14,258,0.9401
14,117,1.2296
14,115,1.3018
14,217,1.3675
14,78,1.1368
14,203,1.1087
14,254,0.9795
14,182,1.1630
14,261,1.1367
14,197,1.2135
14,172,0.9410
14,13,1.4403
14,15,1.4408
14,19,0.8621
14,35,0.9628
14,106,1.1538
14,131,1.3230
15,191,1.1609
15,258,0.9245
15,117,1.2140
15,115,1.2791
15,217,1.3518
15,78,1.1211
15,203,1.0930
15,254,0.9639
15,182,1.1473
15,261,1.1211
15,197,1.1908
15,172,0.9253
15,13,1.4363
15,15,1.4636
15,19,0.8465
15,35,0.9471
15,106,1.1381
15,131,1.3074
16,258,1.2733
16,217,0.8622
16,78,1.0417
16,203,1.0760
16,254,1.2563
16,182,1.0465
16,261,0.9892
16,172,1.2652
16,19,1.3737
16,35,1.0437
16,106,1.0563
16,131,0.8441
17,191,0.8611
17,258,1.3008
17,217,0.8897
17,78,1.0692
17,203,1.1036
17,254,1.2838
17,182,1.0741
17,261,1.0167
17,172,1.2928
17,19,1.4012
17,35,1.0713
17,106,1.0839
17,131,0.8716
18,191,0.8864
18,258,1.3261
18,115,0.8436
18,217,0.8952
18,78,1.0721
18,203,1.1065
18,254,1.2864
18,182,1.0994
18,261,1.0420
18,197,0.8554
18,172,1.3181
18,19,1.4013
18,35,1.0714
18,106,1.1092
18,131,0.8771
19,191,0.8983
19,258,1.3438
19,117,0.8695
19,115,0.8555
19,217,0.9521
19,78,1.1316
19,203,1.1659
19,254,1.3462
19,182,1.1113
19,261,1.0539
19,197,0.8673
19,172,1.2860
19,13,0.8737
19,15,0.8465
19,19,1.4636
19,35,1.1336
19,106,1.1211
19,131,0.9340
20,73,0.9121
20,19,0.8685
21,258,1.1100
21,78,0.8743
21,203,0.9087
21,254,1.0889
21,182,0.8913
21,172,1.1152
21,19,1.2063
21,35,0.8764
21,106,0.9011
22,9,1.1795
23,191,1.0647
23,117,0.8737
23,115,1.0734
23,217,0.9759
23,182,0.8402
23,261,0.9177
23,197,1.1139
23,13,1.0497
23,15,1.0687
23,106,0.8582
23,131,0.9314
24,191,1.1724
24,258,0.9081
24,117,1.1976
24,115,1.2976
24,217,1.3355
24,78,1.1048
24,203,1.0767
24,254,0.9475
24,182,1.1310
24,261,1.1047
24,197,1.2023
24,172,0.9090
24,13,1.4093
24,15,1.4283
24,35,0.9308
24,106,1.1218
24,131,1.2910
25,191,1.1639
25,258,0.8983
25,117,1.1878
25,115,1.2880
25,217,1.3257
25,78,1.0949
25,203,1.0668
25,254,0.9377
25,182,1.1212
25,261,1.0949
25,197,1.1938
25,172,0.8992
25,13,1.4092
25,15,1.4365
25,35,0.9209
25,106,1.1119
25,131,1.2812
26,191,1.1908
26,258,0.9127
26,117,1.2022
26,115,1.3149
26,217,1.3400
26,78,1.1093
26,203,1.0812
26,254,0.9521
26,182,1.1355
26,261,1.1188
26,197,1.2207
26,172,0.9135
26,13,1.4072
26,15,1.4178
26,35,0.9353
26,106,1.1263
26,131,1.2956
27,191,1.2007
27,258,0.9335
27,117,1.2230
27,115,1.3204
27,217,1.3608
27,78,1.1301
27,203,1.1020
27,254,0.9729
27,182,1.1563
27,261,1.1301
27,197,1.2306
27,172,0.9343
27,13,1.4217
27,15,1.4223
27,19,0.8554
27,35,0.9561
27,106,1.1471
27,131,1.3164
28,191,1.2162
28,258,0.9142
28,117,1.2037
28,115,1.3402
28,217,1.3416
28,78,1.1109
28,203,1.0828
28,254,0.9536
28,182,1.1371
28,261,1.1441
28,197,1.2461
28,172,0.9151
28,13,1.3954
28,15,1.3959
28,35,0.9369
28,106,1.1279
28,131,1.2971
29,117,0.8714
29,248,1.2497
30,248,1.0362
31,258,1.0070
31,254,1.0094
31,172,1.0039
31,19,1.1268
31,35,0.8693
32,9,1.2275
33,191,0.8705
33,115,0.9431
33,217,0.8456
33,197,0.9196
33,13,0.9194
33,316,0.8671
33,15,0.9384
34,316,1.1215
35,191,0.8846
35,258,1.1530
35,117,1.0996
35,115,0.9136
35,217,1.0506
35,78,1.2486
35,203,1.2756
35,254,1.1928
35,182,1.1118
35,261,1.0033
35,197,0.8778
35,172,1.0829
35,13,0.9744
35,15,0.9471
35,19,1.1336
35,35,1.4636
35,106,1.0693
35,131,1.0853
36,191,0.8913
36,258,1.1893
36,117,1.0673
36,115,0.9140
36,217,1.0509
36,78,1.2565
36,203,1.2909
36,254,1.2290
36,182,1.1280
36,261,1.0173
36,197,0.8781
36,172,1.1191
36,13,0.9747
36,15,0.9475
36,19,1.1699
36,35,1.4274
36,106,1.0889
36,131,1.0680
37,191,0.9574
37,115,0.9661
37,217,0.8686
37,197,1.0065
37,13,0.9424
37,15,0.9614
38,191,0.9044
38,115,0.9131
38,197,0.9535
38,13,0.8894
38,15,0.9084
39,191,0.9131
39,115,0.9212
39,197,0.9622
39,13,0.8975
39,15,0.9165
40,248,0.9465
41,248,1.1709
42,258,1.2739
42,217,0.8822
42,78,1.0617
42,203,1.0960
42,254,1.2762
42,182,1.0414
42,261,0.9840
42,172,1.2177
42,19,1.3937
42,35,1.0637
42,106,1.0512
42,131,0.8641
43,258,1.1595
43,78,0.9473
43,203,0.9817
43,254,1.1619
43,182,0.9270
43,261,0.8696
43,172,1.1455
43,19,1.2793
43,35,0.9494
43,106,0.9368
44,191,1.0369
44,117,0.9466
44,115,1.1463
44,217,1.0488
44,182,0.9068
44,261,0.9430
44,197,1.0861
44,13,1.1226
44,15,1.1416
44,106,0.8976
44,131,1.0043
45,191,0.9813
45,117,0.8910
45,115,1.0907
45,217,0.9931
45,182,0.8511
45,261,0.8874
45,197,1.0304
45,13,1.0670
45,15,1.0859
45,106,0.8419
45,131,0.9487
46,191,0.9869
46,117,0.8966
46,115,1.0963
46,217,0.9988
46,182,0.8568
46,261,0.8930
46,197,1.0361
46,13,1.0726
46,15,1.0916
46,106,0.8475
46,131,0.9543
47,191,0.8687
47,258,1.2057
47,117,1.0214
47,115,0.8716
47,217,1.0061
47,78,1.2271
47,203,1.2614
47,254,1.2454
47,182,1.1054
47,261,0.9947
47,197,0.8377
47,172,1.1355
47,13,0.9299
47,15,0.9026
47,19,1.1863
47,35,1.3854
47,106,1.0664
47,131,1.0231
48,191,1.2329
48,258,0.8927
48,117,1.1287
48,115,1.3707
48,217,1.2665
48,78,1.0358
48,203,1.0077
48,254,0.8789
48,182,1.1246
48,261,1.1609
48,197,1.2628
48,172,0.8967
48,13,1.2995
48,15,1.2935
48,35,0.8618
48,106,1.1154
48,131,1.2221
49,191,1.1715
49,117,1.0812
49,115,1.2809
49,217,1.1834
49,78,0.9527
49,203,0.9246
49,182,1.0414
49,261,1.0776
49,197,1.2207
49,13,1.2572
49,15,1.2762
49,106,1.0322
49,131,1.1389
50,191,1.0917
50,258,1.3900
50,117,0.9915
50,115,1.0490
50,217,1.1006
50,78,1.2536
50,203,1.2880
50,254,1.3723
50,182,1.3047
50,261,1.2473
50,197,1.0608
50,172,1.3840
50,13,1.0222
50,15,0.9950
50,19,1.2702
50,35,1.1230
50,106,1.3145
50,131,1.0825
51,191,1.0771
51,258,1.4047
51,117,0.9970
51,115,1.0343
51,217,1.0859
51,78,1.2591
51,203,1.2935
51,254,1.3870
51,182,1.2900
51,261,1.2327
51,197,1.0461
51,172,1.3717
51,13,1.0076
51,15,0.9803
51,19,1.2848
51,35,1.1376
51,106,1.2999
51,131,1.0678
52,191,1.0554
52,258,1.4263
52,117,0.9848
52,115,1.0126
52,217,1.0674
52,78,1.2469
52,203,1.2812
52,254,1.4084
52,182,1.2684
52,261,1.2110
52,197,1.0244
52,172,1.3911
52,13,0.9890
52,15,0.9617
52,19,1.3065
52,35,1.1381
52,106,1.2782
52,131,1.0493
53,191,1.0500
53,258,1.3958
53,117,1.0105
53,115,1.0072
53,217,1.0931
53,78,1.2726
53,203,1.3069
53,254,1.4180
53,182,1.2629
53,261,1.2056
53,197,1.0190
53,172,1.3606
53,13,1.0147
53,15,0.9874
53,19,1.3005
53,35,1.1686
53,106,1.2728
53,131,1.0750
54,191,1.0636
54,258,1.3924
54,117,1.0187
54,115,1.0208
54,217,1.1013
54,78,1.2808
54,203,1.3152
54,254,1.3999
54,182,1.2766
54,261,1.2192
54,197,1.0326
54,172,1.3571
54,13,1.0230
54,15,0.9957
54,19,1.2824
54,35,1.1505
54,106,1.2864
54,131,1.0833
55,191,1.0819
55,258,1.3741
55,117,1.0370
55,115,1.0391
55,217,1.1196
55,78,1.2991
55,203,1.3335
55,254,1.3860
55,182,1.2949
55,261,1.2375
55,197,1.0509
55,172,1.3388
55,13,1.0413
55,15,1.0140
55,19,1.2686
55,35,1.1534
55,106,1.3047
55,131,1.1016
56,191,1.0498
56,258,1.3730
56,117,1.0341
56,115,1.0070
56,217,1.1167
56,78,1.2962
56,203,1.3306
56,254,1.4128
56,182,1.2628
56,261,1.2054
56,197,1.0188
56,172,1.3370
56,13,1.0384
56,15,1.0111
56,19,1.2953
56,35,1.1787
56,106,1.2726
56,131,1.0986
57,191,1.0286
57,258,1.3943
57,117,1.0142
57,115,0.9859
57,217,1.0968
57,78,1.2763
57,203,1.3106
57,254,1.4340
57,182,1.2416
57,261,1.1842
57,197,0.9976
57,172,1.3334
57,13,1.0184
57,15,0.9912
57,19,1.3165
57,35,1.1958
57,106,1.2514
57,131,1.0787
58,191,1.0325
58,258,1.3720
58,117,1.0388
58,115,1.0106
58,217,1.1214
58,78,1.3009
58,203,1.3353
58,254,1.4117
58,182,1.2455
58,261,1.1881
58,197,1.0015
58,172,1.3172
58,13,1.0431
58,15,1.0158
58,19,1.2943
58,35,1.1984
58,106,1.2553
58,131,1.1033
59,191,0.9887
59,258,1.3744
59,117,1.0056
59,115,0.9774
59,217,1.0882
59,78,1.2677
59,203,1.3021
59,254,1.4141
59,182,1.2112
59,261,1.1443
59,197,0.9577
59,172,1.3042
59,13,1.0099
59,15,0.9826
59,19,1.3215
59,35,1.2423
59,106,1.2114
59,131,1.0701
60,191,1.0030
60,258,1.3380
60,117,1.0341
60,115,1.0059
60,217,1.1167
60,78,1.2962
60,203,1.3306
60,254,1.3778
60,182,1.2398
60,261,1.1367
60,197,0.9721
60,172,1.2679
60,13,1.0384
60,15,1.0111
60,19,1.2851
60,35,1.2328
60,106,1.2039
60,131,1.0987
61,191,1.0229
61,258,1.3405
61,117,1.0540
61,115,1.0258
61,217,1.1366
61,78,1.3161
61,203,1.3505
61,254,1.3802
61,182,1.2596
61,261,1.1566
61,197,0.9919
61,172,1.2857
61,13,1.0583
61,15,1.0310
61,19,1.2731
61,35,1.2130
61,106,1.2238
61,131,1.1185
62,191,1.0330
62,258,1.3459
62,117,1.0641
62,115,1.0359
62,217,1.1467
62,78,1.3262
62,203,1.3606
62,254,1.3857
62,182,1.2698
62,261,1.1621
62,197,1.0021
62,172,1.2912
62,13,1.0684
62,15,1.0411
62,19,1.2682
62,35,1.1937
62,106,1.2307
62,131,1.1287
63,191,1.0538
63,258,1.3252
63,117,1.0849
63,115,1.0567
63,217,1.1675
63,78,1.3470
63,203,1.3814
63,254,1.3649
63,182,1.2905
63,261,1.1798
63,197,1.0228
63,172,1.2704
63,13,1.0892
63,15,1.0619
63,19,1.2475
63,35,1.2012
63,106,1.2514
63,131,1.1494
64,191,1.0697
64,258,1.3035
64,117,1.1008
64,115,1.0726
64,217,1.1834
64,78,1.3629
64,203,1.3973
64,254,1.3432
64,182,1.3064
64,261,1.1957
64,197,1.0387
64,172,1.2488
64,13,1.1051
64,15,1.0778
64,19,1.2262
64,35,1.2171
64,106,1.2674
64,131,1.1653
66,73,1.0544
67,117,1.1220
67,217,0.9209
67,78,0.9732
67,203,0.9604
67,182,0.8520
67,13,0.8996
67,15,0.8724
67,35,1.0646
67,248,0.9992
67,131,0.9861
68,258,0.8714
68,117,1.0355
68,217,0.9541
68,78,1.0301
68,203,1.0568
68,254,0.9111
68,182,0.9031
68,13,0.9000
68,15,0.8727
68,19,0.8520
68,35,1.1713
68,106,0.8606
68,131,1.0211
69,191,0.8947
69,258,1.0999
69,117,1.1634
69,115,0.9257
69,217,1.0820
69,78,1.2586
69,203,1.2853
69,254,1.1396
69,182,1.1218
69,261,1.0134
69,197,0.8878
69,172,1.0304
69,13,1.0279
69,15,1.0007
69,19,1.0805
69,35,1.3998
69,106,1.0793
69,131,1.1490
70,191,0.8673
70,258,1.0472
70,117,1.1877
70,115,0.9500
70,217,1.1063
70,78,1.2059
70,203,1.2326
70,254,1.0869
70,182,1.0691
70,261,0.9632
70,197,0.8971
70,172,0.9777
70,13,1.0522
70,15,1.0249
70,19,1.0278
70,35,1.3471
70,106,1.0266
70,131,1.1733
71,117,0.8579
71,78,0.8526
71,203,0.8793
71,254,0.8387
71,35,1.0475
71,248,0.9027
71,131,0.8436
72,248,1.0875
73,73,1.4636
74,191,1.0889
74,258,0.9424
74,117,1.3723
74,115,1.1867
74,217,1.3022
74,78,1.1761
74,203,1.1480
74,254,0.9818
74,182,1.1100
74,261,1.0595
74,197,1.1188
74,172,0.9129
74,13,1.2889
74,316,0.8730
74,15,1.2616
74,19,0.8644
74,35,1.0770
74,106,1.0928
74,131,1.3521
75,191,1.1262
75,258,0.9421
75,117,1.3720
75,115,1.2240
75,217,1.3395
75,78,1.1758
75,203,1.1477
75,254,0.9815
75,182,1.1469
75,261,1.0968
75,197,1.1561
75,172,0.9420
75,13,1.3262
75,316,0.8425
75,15,1.2989
75,19,0.8641
75,35,1.0767
75,106,1.1301
75,131,1.3895
76,191,1.0314
76,258,0.8577
76,117,1.3352
76,115,1.1566
76,217,1.2267
76,78,1.0913
76,203,1.0632
76,254,0.8971
76,182,1.0340
76,261,0.9960
76,197,1.0613
76,13,1.2684
76,316,0.9577
76,15,1.2873
76,35,0.9923
76,106,1.0172
76,131,1.2766
77,191,1.0085
77,258,0.8990
77,117,1.4151
77,115,1.1062
77,217,1.2218
77,78,1.1327
77,203,1.1046
77,254,0.9384
77,182,1.0520
77,261,0.9841
77,197,1.0384
77,172,0.8658
77,13,1.2085
77,316,0.8801
77,15,1.2074
77,35,1.0626
77,106,1.0209
77,131,1.2839
78,191,1.0586
78,258,1.2096
78,117,1.1812
78,115,1.0876
78,217,1.2246
78,78,1.4636
78,203,1.4292
78,254,1.2490
78,182,1.2858
78,261,1.1773
78,197,1.0518
78,172,1.1744
78,13,1.1484
78,15,1.1211
78,19,1.1316
78,35,1.2486
78,106,1.2433
78,131,1.2416
79,191,1.0409
79,258,1.2133
79,117,1.1634
79,115,1.0699
79,217,1.2068
79,78,1.4426
79,203,1.4329
79,254,1.2527
79,182,1.2680
79,261,1.1596
79,197,1.0340
79,172,1.1781
79,13,1.1307
79,15,1.1034
79,19,1.1353
79,35,1.2658
79,106,1.2255
79,131,1.2239
80,191,1.0419
80,258,1.2116
80,117,1.1645
80,115,1.0709
80,217,1.2079
80,78,1.4281
80,203,1.4313
80,254,1.2511
80,182,1.2691
80,261,1.1606
80,197,1.0351
80,172,1.1764
80,13,1.1317
80,15,1.1044
80,19,1.1350
80,35,1.2735
80,106,1.2265
80,131,1.2249
81,191,1.0323
81,115,0.8870
81,261,0.9083
81,197,0.9928
81,85,0.9241
82,191,1.1283
82,115,0.9831
82,217,0.8679
82,182,0.8976
82,261,1.0044
82,197,1.0888
82,13,0.8540
82,85,1.1226
82,106,0.9327
83,236,1.1757
84,191,0.9473
84,304,0.8583
84,197,0.9078
84,284,0.8707
84,89,1.1401
84,308,0.8392
84,85,1.4423
85,191,0.9524
85,304,0.8796
85,197,0.9129
85,284,0.8717
85,89,1.1412
85,308,0.8605
85,85,1.4636
86,304,1.0399
86,284,0.9759
86,89,1.2454
86,308,1.0208
86,85,1.3033
87,191,0.9519
87,197,0.9124
87,85,0.8671
88,191,0.9167
88,304,1.0232
88,197,0.8772
88,89,1.0321
88,308,0.9315
88,85,1.2663
89,304,0.8889
89,284,1.1941
89,89,1.4636
89,308,0.9549
89,85,1.1412
90,191,0.8867
90,197,0.8472
90,89,0.8979
90,85,1.0287
92,191,1.0292
92,304,0.8469
92,115,0.8840
92,261,0.9053
92,197,0.9898
92,89,1.0648
92,85,1.3867
93,191,1.2109
93,115,1.0656
93,217,0.9505
93,182,0.9802
93,261,1.0869
93,197,1.1714
93,13,0.9366
93,15,0.9110
93,89,0.8832
93,85,1.2051
93,106,1.0153
93,131,0.8859
94,191,1.1731
94,258,1.0489
94,117,1.2905
94,115,1.2496
94,217,1.4121
94,78,1.2601
94,203,1.2320
94,254,1.0883
94,182,1.2546
94,261,1.2011
94,197,1.2030
94,172,1.0497
94,13,1.3519
94,15,1.3246
94,19,0.9709
94,35,1.0861
94,106,1.2379
94,131,1.4263
95,191,1.1618
95,258,1.0789
95,117,1.2582
95,115,1.2275
95,217,1.3831
95,78,1.2935
95,203,1.2654
95,254,1.1183
95,182,1.2822
95,261,1.2285
95,197,1.1917
95,172,1.0798
95,13,1.3185
95,15,1.2912
95,19,1.0009
95,35,1.1195
95,106,1.2653
95,131,1.3930
96,191,0.9995
96,258,1.2369
96,117,1.0844
96,115,1.0024
96,217,1.1278
96,78,1.3490
96,203,1.3833
96,254,1.2766
96,182,1.2362
96,261,1.1255
96,197,0.9686
96,172,1.1667
96,13,1.0516
96,15,1.0243
96,19,1.2175
96,35,1.3271
96,106,1.1972
96,131,1.1448
97,191,0.9595
97,258,1.2395
97,117,1.0625
97,115,0.9624
97,217,1.0968
97,78,1.3178
97,203,1.3522
97,254,1.2792
97,182,1.1962
97,261,1.0855
97,197,0.9285
97,172,1.1693
97,13,1.0206
97,15,0.9933
97,19,1.2201
97,35,1.3662
97,106,1.1571
97,131,1.1138
98,191,1.1080
98,258,1.0989
98,117,1.2813
98,115,1.1738
98,217,1.3330
98,78,1.3326
98,203,1.3045
98,254,1.1383
98,182,1.2597
98,261,1.1846
98,197,1.1379
98,172,1.0789
98,13,1.2727
98,15,1.2454
98,19,1.0209
98,35,1.1586
98,106,1.2214
98,131,1.3726
99,191,1.0811
99,258,1.0986
99,117,1.3083
99,115,1.1468
99,217,1.3061
99,78,1.3323
99,203,1.3042
99,254,1.1380
99,182,1.2342
99,261,1.1576
99,197,1.1110
99,172,1.0655
99,13,1.2458
99,15,1.2185
99,19,1.0206
99,35,1.1583
99,106,1.1945
99,131,1.3514
100,191,1.0674
100,258,1.0808
100,117,1.3303
100,115,1.1501
100,217,1.3064
100,78,1.3144
100,203,1.2863
100,254,1.1202
100,182,1.2163
100,261,1.1372
100,197,1.0973
100,172,1.0476
100,13,1.2524
100,15,1.2251
100,19,1.0027
100,35,1.1754
100,106,1.1740
100,131,1.3735
101,191,1.2871
101,258,1.1476
101,117,1.1117
101,115,1.2898
101,217,1.2837
101,78,1.2236
101,203,1.2080
101,254,1.1339
101,182,1.3795
101,261,1.3578
101,197,1.2562
101,172,1.1516
101,13,1.2402
101,15,1.2129
101,19,1.0278
101,35,1.0496
101,106,1.3703
101,131,1.2407
102,191,1.2836
102,258,1.1284
102,117,1.1303
102,115,1.3084
102,217,1.3023
102,78,1.2043
102,203,1.1888
102,254,1.1146
102,182,1.3603
102,261,1.3385
102,197,1.2726
102,172,1.1323
102,13,1.2588
102,15,1.2315
102,19,1.0085
102,35,1.0303
102,106,1.3511
102,131,1.2593
103,191,1.2981
103,258,1.1277
103,117,1.1200
103,115,1.2981
103,217,1.2920
103,78,1.2036
103,203,1.1881
103,254,1.1139
103,182,1.3596
103,261,1.3526
103,197,1.2672
103,172,1.1317
103,13,1.2485
103,15,1.2212
103,19,1.0078
103,35,1.0296
103,106,1.3504
103,131,1.2490
104,191,1.2232
104,258,1.2483
104,117,1.0216
104,115,1.1683
104,217,1.2000
104,78,1.2056
104,203,1.2060
104,254,1.2346
104,182,1.3796
104,261,1.3884
104,197,1.1922
104,172,1.2523
104,13,1.1222
104,15,1.0949
104,19,1.1285
104,35,1.0316
104,106,1.4204
104,131,1.1574
105,191,1.2437
105,258,1.2380
105,117,1.0453
105,115,1.1889
105,217,1.2236
105,78,1.2237
105,203,1.2212
105,254,1.2242
105,182,1.4004
105,261,1.3968
105,197,1.2128
105,172,1.2420
105,13,1.1459
105,15,1.1186
105,19,1.1182
105,35,1.0497
105,106,1.4441
105,131,1.1811
106,191,1.2389
106,258,1.2409
106,117,1.0648
106,115,1.1981
106,217,1.2432
106,78,1.2433
106,203,1.2408
106,254,1.2271
106,182,1.4199
106,261,1.3920
106,197,1.2079
106,172,1.2449
106,13,1.1654
106,15,1.1381
106,19,1.1211
106,35,1.0693
106,106,1.4636
106,131,1.2006
107,191,1.2638
107,258,1.2179
107,117,1.0549
107,115,1.2089
107,217,1.2333
107,78,1.2184
107,203,1.2159
107,254,1.2041
107,182,1.3950
107,261,1.4169
107,197,1.2328
107,172,1.2219
107,13,1.1555
107,15,1.1282
107,19,1.0981
107,35,1.0444
107,106,1.4387
107,131,1.1907
108,191,1.2828
108,258,1.1989
108,117,1.0557
108,115,1.2280
108,217,1.2341
108,78,1.2050
108,203,1.1968
108,254,1.1851
108,182,1.3760
108,261,1.4359
108,197,1.2519
108,172,1.2029
108,13,1.1652
108,15,1.1379
108,19,1.0791
108,35,1.0310
108,106,1.4197
108,131,1.1915
109,191,1.2664
109,258,1.2057
109,117,1.0319
109,115,1.2115
109,217,1.2103
109,78,1.1931
109,203,1.1906
109,254,1.1919
109,182,1.3698
109,261,1.4316
109,197,1.2355
109,172,1.2097
109,13,1.1414
109,15,1.1141
109,19,1.0859
109,35,1.0191
109,106,1.4134
109,131,1.1677
110,191,1.2781
110,258,1.1941
110,117,1.0303
110,115,1.2232
110,217,1.2087
110,78,1.1815
110,203,1.1790
110,254,1.1803
110,182,1.3581
110,261,1.4432
110,197,1.2471
110,172,1.1981
110,13,1.1398
110,15,1.1125
110,19,1.0743
110,35,1.0075
110,106,1.4018
110,131,1.1662
111,191,1.4180
111,258,1.0637
111,117,1.0555
111,115,1.3298
111,217,1.2146
111,78,1.1042
111,203,1.0887
111,254,1.0499
111,182,1.2602
111,261,1.3440
111,197,1.3871
111,172,1.0677
111,13,1.2007
111,15,1.1751
111,19,0.9439
111,35,0.9302
111,85,0.9251
111,106,1.2845
111,131,1.1501
112,191,1.4197
112,258,1.0240
112,117,1.0199
112,115,1.2942
112,217,1.1790
112,78,1.0645
112,203,1.0490
112,254,1.0103
112,182,1.2205
112,261,1.3043
112,197,1.3705
112,172,1.0280
112,13,1.1651
112,15,1.1395
112,19,0.9042
112,35,0.8905
112,85,0.9620
112,106,1.2448
112,131,1.1145
113,191,1.4485
113,258,1.0332
113,117,1.0487
113,115,1.3230
113,217,1.2078
113,78,1.0737
113,203,1.0582
113,254,1.0195
113,182,1.2297
113,261,1.3135
113,197,1.3994
113,172,1.0372
113,13,1.1939
113,15,1.1683
113,19,0.9134
113,35,0.8997
113,85,0.9478
113,106,1.2540
113,131,1.1433
114,191,1.3330
114,258,0.9928
114,117,1.1410
114,115,1.4459
114,217,1.2836
114,78,1.1051
114,203,1.0770
114,254,0.9790
114,182,1.2247
114,261,1.2610
114,197,1.3629
114,172,0.9968
114,13,1.2998
114,15,1.2810
114,19,0.8730
114,35,0.9311
114,106,1.2155
114,131,1.2344
115,191,1.3156
115,258,0.9754
115,117,1.1390
115,115,1.4636
115,217,1.2769
115,78,1.0876
115,203,1.0595
115,254,0.9616
115,182,1.2073
115,261,1.2435
115,197,1.3455
115,172,0.9794
115,13,1.2979
115,15,1.2791
115,19,0.8555
115,35,0.9136
115,106,1.1981
115,131,1.2324
116,191,1.0620
116,258,1.0067
116,117,1.4044
116,115,1.1598
116,217,1.2833
116,78,1.2404
116,203,1.2123
116,254,1.0461
116,182,1.1423
116,261,1.0631
116,197,1.0919
116,172,0.9736
116,13,1.2620
116,15,1.2347
116,19,0.9287
116,35,1.1472
116,106,1.0999
116,131,1.3485
117,191,1.0413
117,258,0.9475
117,117,1.4636
117,115,1.1390
117,217,1.2626
117,78,1.1812
117,203,1.1531
117,254,0.9869
117,182,1.0959
117,261,1.0280
117,197,1.0712
117,172,0.9143
117,13,1.2413
117,15,1.2140
117,19,0.8695
117,35,1.0996
117,106,1.0648
117,131,1.3278
118,191,1.0614
118,258,1.1928
118,117,1.1839
118,115,1.0904
118,217,1.2274
118,78,1.4259
118,203,1.4124
118,254,1.2322
118,182,1.2886
118,261,1.1801
118,197,1.0546
118,172,1.1575
118,13,1.1512
118,15,1.1239
118,19,1.1179
118,35,1.2863
118,106,1.2460
118,131,1.2444
119,191,1.0865
119,258,1.2020
119,117,1.2091
119,115,1.1155
119,217,1.2525
119,78,1.4357
119,203,1.4076
119,254,1.2415
119,182,1.3137
119,261,1.2052
119,197,1.0797
119,172,1.1668
119,13,1.1763
119,15,1.1490
119,19,1.1240
119,35,1.2617
119,106,1.2711
119,131,1.2695
120,191,1.0264
120,258,1.1749
120,117,1.1612
120,115,1.0554
120,217,1.1924
120,78,1.3904
120,203,1.3946
120,254,1.2143
120,182,1.2536
120,261,1.1451
120,197,1.0196
120,172,1.1397
120,13,1.1162
120,15,1.0889
120,19,1.1266
120,35,1.3218
120,106,1.2111
120,131,1.2094
121,191,0.9988
121,258,1.2008
121,117,1.1205
121,115,1.0270
121,217,1.1639
121,78,1.3849
121,203,1.4193
121,254,1.2405
121,182,1.2355
121,261,1.1248
121,197,0.9911
121,172,1.1644
121,13,1.0877
121,15,1.0605
121,19,1.1813
121,35,1.3199
121,106,1.1965
121,131,1.1810
122,191,1.0267
122,258,1.2104
122,117,1.1492
122,115,1.0557
122,217,1.1927
122,78,1.4105
122,203,1.4300
122,254,1.2498
122,182,1.2539
122,261,1.1454
122,197,1.0199
122,172,1.1752
122,13,1.1165
122,15,1.0892
122,19,1.1526
122,35,1.2911
122,106,1.2113
122,131,1.2097
123,191,0.9608
123,258,1.1660
123,117,1.1431
123,115,0.9898
123,217,1.1268
123,78,1.3248
123,203,1.3514
123,254,1.2058
123,182,1.1880
123,261,1.0795
123,197,0.9540
123,172,1.0966
123,13,1.0506
123,15,1.0233
123,19,1.1466
123,35,1.3874
123,106,1.1454
123,131,1.1438
124,191,0.9685
124,258,1.2178
124,117,1.0913
124,115,0.9887
124,217,1.1257
124,78,1.3467
124,203,1.3810
124,254,1.2576
124,182,1.2052
124,261,1.0945
124,197,0.9529
124,172,1.1477
124,13,1.0495
124,15,1.0222
124,19,1.1984
124,35,1.3581
124,106,1.1661
124,131,1.1427
125,191,1.2298
125,258,0.9312
125,117,1.2207
125,115,1.3498
125,217,1.3585
125,78,1.1278
125,203,1.0997
125,254,0.9706
125,182,1.1540
125,261,1.1578
125,197,1.2597
125,172,0.9320
125,13,1.3923
125,15,1.3928
125,19,0.8531
125,35,0.9538
125,106,1.1448
125,131,1.3141
126,191,1.2558
126,258,0.9206
126,117,1.2101
126,115,1.3758
126,217,1.3479
126,78,1.1172
126,203,1.0891
126,254,0.9600
126,182,1.1475
126,261,1.1837
126,197,1.2857
126,172,0.9214
126,13,1.3809
126,15,1.3669
126,19,0.8426
126,35,0.9432
126,106,1.1383
126,131,1.3035
127,191,0.9427
127,258,1.2383
127,117,1.0457
127,115,0.9456
127,217,1.0801
127,78,1.3011
127,203,1.3354
127,254,1.2780
127,182,1.1794
127,261,1.0687
127,197,0.9118
127,172,1.1682
127,13,1.0039
127,15,0.9766
127,19,1.2189
127,35,1.3654
127,106,1.1404
127,131,1.0971
128,191,1.0940
128,258,0.9810
128,117,1.4109
128,115,1.1918
128,217,1.3153
128,78,1.2147
128,203,1.1866
128,254,1.0204
128,182,1.1486
128,261,1.0807
128,197,1.1239
128,172,0.9514
128,13,1.2940
128,15,1.2667
128,19,0.9030
128,35,1.1156
128,106,1.1175
128,131,1.3805
129,191,1.1327
129,258,1.0044
129,117,1.3502
129,115,1.2305
129,217,1.3540
129,78,1.2341
129,203,1.2060
129,254,1.0438
129,182,1.2024
129,261,1.1414
129,197,1.1626
129,172,1.0052
129,13,1.3327
129,15,1.3054
129,19,0.9263
129,35,1.0951
129,106,1.1782
129,131,1.4412
130,191,1.1635
130,258,0.9864
130,117,1.3414
130,115,1.2613
130,217,1.3848
130,78,1.2128
130,203,1.1847
130,254,1.0258
130,182,1.1922
130,261,1.1421
130,197,1.1934
130,172,0.9873
130,13,1.3635
130,15,1.3362
130,19,0.9084
130,35,1.0642
130,106,1.1754
130,131,1.4347
131,191,1.1359
131,258,1.0120
131,117,1.3278
131,115,1.2324
131,217,1.3749
131,78,1.2416
131,203,1.2135
131,254,1.0514
131,182,1.2174
131,261,1.1638
131,197,1.1658
131,172,1.0129
131,13,1.3347
131,15,1.3074
131,19,0.9340
131,35,1.0853
131,106,1.2006
131,131,1.4636
132,191,1.1251
132,258,1.0230
132,117,1.3316
132,115,1.2146
132,217,1.3642
132,78,1.2526
132,203,1.2245
132,254,1.0624
132,182,1.2210
132,261,1.1548
132,197,1.1550
132,172,1.0238
132,13,1.3168
132,15,1.2895
132,19,0.9449
132,35,1.1031
132,106,1.1916
132,131,1.4458
133,191,1.1319
133,258,1.0297
133,117,1.3224
133,115,1.2084
133,217,1.3709
133,78,1.2593
133,203,1.2312
133,254,1.0691
133,182,1.2277
133,261,1.1615
133,197,1.1618
133,172,1.0306
133,13,1.3106
133,15,1.2833
133,19,0.9517
133,35,1.1081
133,106,1.1984
133,131,1.4365
134,191,1.1410
134,258,1.0388
134,117,1.3158
134,115,1.2175
134,217,1.3800
134,78,1.2684
134,203,1.2403
134,254,1.0782
134,182,1.2368
134,261,1.1706
134,197,1.1709
134,172,1.0397
134,13,1.3197
134,15,1.2924
134,19,0.9608
134,35,1.1018
134,106,1.2074
134,131,1.4368
135,191,1.1385
135,258,1.0584
135,117,1.2965
135,115,1.2150
135,217,1.3775
135,78,1.2880
135,203,1.2599
135,254,1.0979
135,182,1.2564
135,261,1.1903
135,197,1.1684
135,172,1.0593
135,13,1.3173
135,15,1.2900
135,19,0.9804
135,35,1.1141
135,106,1.2271
135,131,1.4172
136,191,1.1540
136,258,1.2450
136,117,1.1290
136,115,1.1466
136,217,1.2456
136,78,1.3317
136,203,1.3400
136,254,1.2526
136,182,1.4030
136,261,1.2928
136,197,1.1230
136,172,1.2489
136,13,1.1673
136,15,1.1400
136,19,1.1352
136,35,1.1598
136,106,1.3644
136,131,1.2275
137,191,1.1308
137,258,1.2644
137,117,1.1076
137,115,1.1235
137,217,1.2242
137,78,1.3287
137,203,1.3631
137,254,1.2758
137,182,1.3798
137,261,1.2696
137,197,1.0999
137,172,1.2684
137,13,1.1458
137,15,1.1185
137,19,1.1583
137,35,1.1830
137,106,1.3413
137,131,1.2061
138,191,1.1287
138,258,1.0824
138,117,1.2791
138,115,1.1944
138,217,1.3536
138,78,1.3120
138,203,1.2839
138,254,1.1218
138,182,1.2804
138,261,1.2052
138,197,1.1585
138,172,1.0832
138,13,1.2933
138,15,1.2661
138,19,1.0043
138,35,1.1380
138,106,1.2420
138,131,1.3932
139,191,1.1586
139,258,1.0974
139,117,1.2432
139,115,1.2243
139,217,1.3687
139,78,1.3120
139,203,1.2839
139,254,1.1368
139,182,1.3006
139,261,1.2338
139,197,1.1885
139,172,1.0982
139,13,1.3000
139,15,1.2727
139,19,1.0193
139,35,1.1380
139,106,1.2706
139,131,1.3745
140,191,1.1596
140,258,1.1039
140,117,1.2316
140,115,1.2253
140,217,1.3697
140,78,1.3185
140,203,1.2904
140,254,1.1433
140,182,1.3072
140,261,1.2348
140,197,1.1895
140,172,1.1048
140,13,1.2913
140,15,1.2640
140,19,1.0259
140,35,1.1445
140,106,1.2716
140,131,1.3608
141,191,1.1428
141,258,1.1232
141,117,1.2330
141,115,1.2085
141,217,1.3504
141,78,1.3378
141,203,1.3097
141,254,1.1626
141,182,1.3264
141,261,1.2513
141,197,1.1727
141,172,1.1240
141,13,1.2742
141,15,1.2469
141,19,1.0451
141,35,1.1638
141,106,1.2881
141,131,1.3487
142,191,1.1719
142,258,1.1419
142,117,1.2039
142,115,1.2376
142,217,1.3518
142,78,1.3103
142,203,1.2822
142,254,1.1814
142,182,1.3477
142,261,1.2792
142,197,1.2018
142,172,1.1428
142,13,1.2734
142,15,1.2461
142,19,1.0639
142,35,1.1363
142,106,1.3161
142,131,1.3333
143,191,1.1764
143,258,1.1645
143,117,1.1892
143,115,1.2184
143,217,1.3292
143,78,1.3329
143,203,1.3048
143,254,1.2039
143,182,1.3702
143,261,1.2951
143,197,1.1825
143,172,1.1653
143,13,1.2509
143,15,1.2236
143,19,1.0865
143,35,1.1589
143,106,1.3319
143,131,1.3107
144,191,1.1847
144,258,1.1409
144,117,1.1797
144,115,1.2419
144,217,1.3403
144,78,1.3093
144,203,1.2812
144,254,1.1803
144,182,1.3495
144,261,1.3034
144,197,1.2061
144,172,1.1418
144,13,1.2625
144,15,1.2352
144,19,1.0629
144,35,1.1353
144,106,1.3403
144,131,1.3091
145,191,1.2146
145,258,1.1475
145,117,1.1583
145,115,1.2684
145,217,1.3366
145,78,1.2818
145,203,1.2537
145,254,1.1528
145,182,1.3794
145,261,1.3333
145,197,1.2326
145,172,1.1514
145,13,1.2589
145,15,1.2316
145,19,1.0354
145,35,1.1078
145,106,1.3702
145,131,1.2941
146,191,1.2153
146,258,1.1047
146,117,1.2010
146,115,1.2811
146,217,1.3794
146,78,1.2702
146,203,1.2420
146,254,1.1412
146,182,1.3366
146,261,1.2905
146,197,1.2452
146,172,1.1086
146,13,1.3017
146,15,1.2744
146,19,1.0238
146,35,1.0962
146,106,1.3274
146,131,1.3369
147,191,1.2303
147,258,1.1373
147,117,1.1593
147,115,1.2960
147,217,1.3377
147,78,1.2542
147,203,1.2261
147,254,1.1253
147,182,1.3692
147,261,1.3232
147,197,1.2602
147,172,1.1413
147,13,1.2599
147,15,1.2326
147,19,1.0175
147,35,1.0802
147,106,1.3600
147,131,1.2951
148,191,1.1832
148,258,1.0495
148,117,1.2633
148,115,1.2563
148,217,1.4206
148,78,1.2440
148,203,1.2159
148,254,1.0889
148,182,1.2718
148,261,1.2258
148,197,1.2131
148,172,1.0504
148,13,1.3585
148,15,1.3312
148,19,0.9715
148,35,1.0700
148,106,1.2626
148,131,1.3992
149,191,1.2670
149,258,1.0242
149,117,1.2331
149,115,1.3327
149,217,1.3970
149,78,1.1663
149,203,1.1382
149,254,1.0104
149,182,1.2561
149,261,1.2469
149,197,1.2969
149,172,1.0282
149,13,1.3650
149,15,1.3378
149,19,0.9044
149,35,0.9923
149,106,1.2469
149,131,1.3325
150,191,0.9274
150,258,1.2496
150,117,1.0253
150,115,0.9303
150,217,1.0597
150,78,1.2807
150,203,1.3150
150,254,1.2893
150,182,1.1641
150,261,1.0534
150,197,0.8964
150,172,1.1794
150,13,0.9835
150,15,0.9562
150,19,1.2302
150,35,1.3671
150,106,1.1251
150,131,1.0767
151,191,0.9149
151,258,1.2204
151,117,1.0499
151,115,0.9178
151,217,1.0523
151,78,1.2733
151,203,1.3076
151,254,1.2601
151,182,1.1517
151,261,1.0410
151,197,0.8840
151,172,1.1503
151,13,0.9761
151,15,0.9488
151,19,1.2010
151,35,1.3962
151,106,1.1126
151,131,1.0693
152,191,0.9170
152,258,1.2027
152,117,1.0676
152,115,0.9199
152,217,1.0543
152,78,1.2753
152,203,1.3097
152,254,1.2424
152,182,1.1537
152,261,1.0430
152,197,0.8860
152,172,1.1326
152,13,0.9781
152,15,0.9508
152,19,1.1833
152,35,1.4032
152,106,1.1146
152,131,1.0713
153,191,0.9077
153,258,1.1803
153,117,1.0900
153,115,0.9367
153,217,1.0736
153,78,1.2792
153,203,1.3136
153,254,1.2200
153,182,1.1377
153,261,1.0270
153,197,0.9008
153,172,1.1102
153,13,0.9974
153,15,0.9702
153,19,1.1609
153,35,1.4256
153,106,1.0987
153,131,1.0907
154,191,0.9246
154,258,1.1915
154,117,1.1070
154,115,0.9536
154,217,1.0906
154,78,1.3003
154,203,1.3346
154,254,1.2313
154,182,1.1588
154,261,1.0481
154,197,0.9178
154,172,1.1214
154,13,1.0144
154,15,0.9871
154,19,1.1721
154,35,1.4045
154,106,1.1197
154,131,1.1076
155,191,0.9307
155,258,1.2786
155,117,1.0056
155,115,0.9336
155,217,1.0490
155,78,1.2801
155,203,1.3145
155,254,1.3184
155,182,1.1674
155,261,1.0567
155,197,0.8997
155,172,1.2085
155,13,0.9728
155,15,0.9455
155,19,1.2592
155,35,1.3380
155,106,1.1283
155,131,1.0660
156,191,0.9074
156,258,1.2493
156,117,1.0043
156,115,0.9103
156,217,1.0386
156,78,1.2596
156,203,1.2940
156,254,1.2890
156,182,1.1441
156,261,1.0334
156,197,0.8764
156,172,1.1792
156,13,0.9625
156,15,0.9352
156,19,1.2299
156,35,1.3460
156,106,1.1051
156,131,1.0557
157,191,0.9332
157,258,1.2720
157,117,1.0081
157,115,0.9361
157,217,1.0515
157,78,1.2826
157,203,1.3170
157,254,1.3117
157,182,1.1699
157,261,1.0592
157,197,0.9022
157,172,1.2018
157,13,0.9753
157,15,0.9480
157,19,1.2525
157,35,1.3446
157,106,1.1309
157,131,1.0686
158,191,1.4242
158,258,1.0184
158,117,1.0047
158,115,1.2790
158,217,1.1638
158,78,1.0376
158,203,1.0221
158,254,1.0047
158,182,1.1936
158,261,1.3003
158,197,1.3848
158,172,1.0224
158,13,1.1499
158,15,1.1243
158,19,0.8986
158,35,0.8636
158,85,0.9917
158,106,1.2287
158,131,1.0993
159,191,1.3120
159,258,1.1394
159,117,1.1024
159,115,1.2805
159,217,1.2744
159,78,1.1987
159,203,1.1832
159,254,1.1256
159,182,1.3547
159,261,1.3702
159,197,1.2811
159,172,1.1434
159,13,1.2309
159,15,1.2036
159,19,1.0196
159,35,1.0247
159,106,1.3602
159,131,1.2314
160,191,1.3228
160,258,1.1388
160,117,1.0976
160,115,1.2758
160,217,1.2696
160,78,1.1882
160,203,1.1727
160,254,1.1250
160,182,1.3442
160,261,1.3696
160,197,1.2918
160,172,1.1428
160,13,1.2261
160,15,1.1988
160,19,1.0190
160,35,1.0142
160,106,1.3596
160,131,1.2266
161,191,1.1564
161,258,1.2236
161,117,1.1535
161,115,1.1593
161,217,1.2701
161,78,1.3563
161,203,1.3503
161,254,1.2630
161,182,1.3931
161,261,1.2790
161,197,1.1254
161,172,1.2244
161,13,1.1918
161,15,1.1645
161,19,1.1455
161,35,1.1823
161,106,1.3506
161,131,1.2520
162,191,1.1965
162,258,1.1980
162,117,1.1198
162,115,1.1892
162,217,1.2597
162,78,1.3155
162,203,1.3096
162,254,1.2223
162,182,1.4305
162,261,1.3153
162,197,1.1656
162,172,1.2020
162,13,1.1814
162,15,1.1541
162,19,1.1048
162,35,1.1415
162,106,1.3868
162,131,1.2413
163,191,1.2150
163,258,1.1888
163,117,1.1382
163,115,1.2076
163,217,1.2781
163,78,1.2988
163,203,1.2918
163,254,1.2044
163,182,1.4213
163,261,1.3337
163,197,1.1840
163,172,1.1928
163,13,1.1998
163,15,1.1725
163,19,1.0870
163,35,1.1248
163,106,1.3776
163,131,1.2597
164,191,1.1969
164,258,1.1725
164,117,1.1647
164,115,1.1938
164,217,1.3047
164,78,1.3254
164,203,1.2993
164,254,1.2119
164,182,1.3948
164,261,1.3156
164,197,1.1659
164,172,1.1734
164,13,1.2263
164,15,1.1990
164,19,1.0945
164,35,1.1514
164,106,1.3524
164,131,1.2862
165,191,1.1635
165,258,1.1903
165,117,1.1743
165,115,1.1925
165,217,1.3034
165,78,1.3587
165,203,1.3306
165,254,1.2297
165,182,1.3615
165,261,1.2822
165,197,1.1567
165,172,1.1912
165,13,1.2250
165,15,1.1977
165,19,1.1123
165,35,1.1847
165,106,1.3191
165,131,1.2853
166,191,1.1255
166,258,1.1745
166,117,1.2026
166,115,1.1545
166,217,1.2915
166,78,1.3967
166,203,1.3686
166,254,1.2139
166,182,1.3440
166,261,1.2442
166,197,1.1187
166,172,1.1753
166,13,1.2153
166,15,1.1880
166,19,1.0964
166,35,1.2227
166,106,1.3015
166,131,1.2935
167,191,1.1326
167,258,1.1484
167,117,1.2162
167,115,1.1833
167,217,1.3252
167,78,1.3630
167,203,1.3349
167,254,1.1878
167,182,1.3264
167,261,1.2513
167,197,1.1475
167,172,1.1492
167,13,1.2490
167,15,1.2217
167,19,1.0703
167,35,1.1890
167,106,1.2881
167,131,1.3272
168,191,1.1071
168,258,1.1103
168,117,1.2512
168,115,1.1729
168,217,1.3257
168,78,1.3396
168,203,1.3115
168,254,1.1497
168,182,1.2908
168,261,1.2157
168,197,1.1370
168,172,1.1112
168,13,1.2654
168,15,1.2381
168,19,1.0323
168,35,1.1656
168,106,1.2525
168,131,1.3653
169,191,1.0764
169,258,1.1366
169,117,1.2745
169,115,1.1421
169,217,1.2953
169,78,1.3703
169,203,1.3422
169,254,1.1760
169,182,1.2722
169,261,1.1930
169,197,1.1063
169,172,1.1035
169,13,1.2350
169,15,1.2077
169,19,1.0586
169,35,1.1963
169,106,1.2298
169,131,1.3349
170,191,1.1107
170,258,1.0375
170,117,1.3332
170,115,1.1934
170,217,1.3497
170,78,1.2712
170,203,1.2431
170,254,1.0769
170,182,1.2263
170,261,1.1535
170,197,1.1406
170,172,1.0291
170,13,1.2956
170,15,1.2683
170,19,0.9595
170,35,1.1321
170,106,1.1903
170,131,1.4167
171,191,1.0327
171,258,1.3922
171,117,0.9249
171,115,0.9899
171,217,1.0415
171,78,1.1845
171,203,1.2189
171,254,1.3525
171,182,1.2457
171,261,1.1883
171,197,1.0017
171,172,1.4530
171,13,0.9632
171,15,0.9359
171,19,1.2754
171,35,1.0816
171,106,1.2555
171,131,1.0234
172,191,1.0221
172,258,1.3935
172,117,0.9143
172,115,0.9794
172,217,1.0310
172,78,1.1744
172,203,1.2087
172,254,1.3537
172,182,1.2351
172,261,1.1777
172,197,0.9911
172,172,1.4636
172,13,0.9526
172,15,0.9253
172,19,1.2860
172,35,1.0829
172,106,1.2449
172,131,1.0129
173,191,0.9999
173,258,1.3931
173,117,0.8995
173,115,0.9571
173,217,1.0087
173,78,1.1616
173,203,1.1960
173,254,1.3533
173,182,1.2129
173,261,1.1555
173,197,0.9689
173,172,1.4414
173,13,0.9304
173,15,0.9031
173,19,1.3082
173,35,1.0825
173,106,1.2227
173,131,0.9906
174,191,0.9864
174,258,1.3898
174,117,0.8963
174,115,0.9436
174,217,0.9952
174,78,1.1584
174,203,1.1927
174,254,1.3501
174,182,1.1993
174,261,1.1420
174,197,0.9554
174,172,1.4260
174,13,0.9169
174,15,0.8896
174,19,1.3205
174,35,1.0827
174,106,1.2092
174,131,0.9771
175,191,0.9450
175,258,1.3625
175,117,0.8549
175,115,0.9022
175,217,0.9538
175,78,1.1170
175,203,1.1513
175,254,1.3228
175,182,1.1579
175,261,1.1006
175,197,0.9140
175,172,1.3818
175,13,0.8755
175,15,0.8482
175,19,1.3526
175,35,1.0793
175,106,1.1677
175,131,0.9357
176,191,0.9636
176,258,1.3812
176,117,0.8735
176,115,0.9208
176,217,0.9724
176,78,1.1356
176,203,1.1700
176,254,1.3415
176,182,1.1766
176,261,1.1192
176,197,0.9326
176,172,1.3960
176,13,0.8941
176,15,0.8668
176,19,1.3497
176,35,1.0979
176,106,1.1864
176,131,0.9544
177,191,1.3588
177,258,1.1229
177,117,1.0803
177,115,1.3039
177,217,1.2523
177,78,1.1634
177,203,1.1479
177,254,1.1092
177,182,1.3194
177,261,1.4032
177,197,1.3278
177,172,1.1269
177,13,1.2088
177,15,1.1815
177,19,1.0031
177,35,0.9894
177,85,0.8659
177,106,1.3437
177,131,1.2092
178,191,1.2973
178,258,1.1755
178,117,1.0755
178,115,1.2444
178,217,1.2539
178,78,1.2249
178,203,1.2094
178,254,1.1618
178,182,1.3809
178,261,1.4063
178,197,1.2664
178,172,1.1795
178,13,1.1948
178,15,1.1675
178,19,1.0557
178,35,1.0509
178,106,1.3963
178,131,1.2114
179,191,1.2922
179,258,1.1548
179,117,1.0839
179,115,1.2620
179,217,1.2559
179,78,1.2041
179,203,1.1886
179,254,1.1410
179,182,1.3601
179,261,1.3855
179,197,1.2612
179,172,1.1587
179,13,1.2124
179,15,1.1851
179,19,1.0349
179,35,1.0301
179,106,1.3755
179,131,1.2129
180,191,1.2567
180,258,1.1896
180,117,1.1161
180,115,1.2494
180,217,1.2945
180,78,1.2655
180,203,1.2500
180,254,1.1758
180,182,1.4215
180,261,1.3754
180,197,1.2258
180,172,1.1936
180,13,1.2167
180,15,1.1895
180,19,1.0697
180,35,1.0915
180,106,1.4123
180,131,1.2520
181,191,1.2300
181,258,1.2156
181,117,1.1114
181,115,1.2227
181,217,1.2678
181,78,1.2747
181,203,1.2688
181,254,1.2018
181,182,1.4481
181,261,1.3487
181,197,1.1991
181,172,1.2196
181,13,1.1900
181,15,1.1628
181,19,1.0958
181,35,1.1007
181,106,1.4045
181,131,1.2329
182,191,1.2146
182,258,1.2311
182,117,1.0959
182,115,1.2073
182,217,1.2524
182,78,1.2858
182,203,1.2798
182,254,1.2173
182,182,1.4636
182,261,1.3483
182,197,1.1836
182,172,1.2351
182,13,1.1746
182,15,1.1473
182,19,1.1113
182,35,1.1118
182,106,1.4199
182,131,1.2174
183,191,1.2108
183,258,1.2494
183,117,1.0776
183,115,1.1890
183,217,1.2342
183,78,1.2713
183,203,1.2688
183,254,1.2356
183,182,1.4454
183,261,1.3639
183,197,1.1799
183,172,1.2533
183,13,1.1564
183,15,1.1291
183,19,1.1295
183,35,1.0973
183,106,1.4355
183,131,1.1991
184,191,1.1997
184,258,1.2588
184,117,1.0665
184,115,1.1779
184,217,1.2230
184,78,1.2601
184,203,1.2577
184,254,1.2450
184,182,1.4342
184,261,1.3527
184,197,1.1687
184,172,1.2627
184,13,1.1452
184,15,1.1179
184,19,1.1389
184,35,1.0862
184,106,1.4243
184,131,1.1880
185,191,1.2209
185,258,1.2609
185,117,1.0497
185,115,1.1781
185,217,1.2232
185,78,1.2434
185,203,1.2410
185,254,1.2471
185,182,1.4175
185,261,1.3739
185,197,1.1899
185,172,1.2648
185,13,1.1455
185,15,1.1182
185,19,1.1410
185,35,1.0694
185,106,1.4437
185,131,1.1807
186,191,1.2005
186,258,1.2740
186,117,1.0294
186,115,1.1578
186,217,1.2029
186,78,1.2231
186,203,1.2316
186,254,1.2602
186,182,1.3971
186,261,1.3536
186,197,1.1696
186,172,1.2779
186,13,1.1251
186,15,1.0978
186,19,1.1541
186,35,1.0515
186,106,1.4233
186,131,1.1604
187,191,1.2029
187,258,1.2702
187,117,1.0317
187,115,1.1601
187,217,1.2052
187,78,1.2254
187,203,1.2279
187,254,1.2564
187,182,1.3995
187,261,1.3559
187,197,1.1719
187,172,1.2742
187,13,1.1275
187,15,1.1002
187,19,1.1504
187,35,1.0514
187,106,1.4256
187,131,1.1627
188,191,1.1978
188,258,1.2787
188,117,1.0267
188,115,1.1551
188,217,1.2002
188,78,1.2204
188,203,1.2364
188,254,1.2649
188,182,1.3944
188,261,1.3546
188,197,1.1669
188,172,1.2827
188,13,1.1224
188,15,1.0951
188,19,1.1589
188,35,1.0562
188,106,1.4206
188,131,1.1576
189,191,1.2079
189,258,1.2686
189,117,1.0368
189,115,1.1652
189,217,1.2103
189,78,1.2305
189,203,1.2280
189,254,1.2548
189,182,1.4045
189,261,1.3610
189,197,1.1770
189,172,1.2726
189,13,1.1325
189,15,1.1052
189,19,1.1488
189,35,1.0565
189,106,1.4307
189,131,1.1677
190,191,1.2089
190,258,1.2599
190,117,1.0192
190,115,1.1540
190,217,1.1927
190,78,1.2129
190,203,1.2176
190,254,1.2462
190,182,1.3869
190,261,1.3741
190,197,1.1779
190,172,1.2639
190,13,1.1149
190,15,1.0877
190,19,1.1401
190,35,1.0389
190,106,1.4131
190,131,1.1502
191,191,1.4636
191,258,1.0181
191,117,1.0413
191,115,1.3156
191,217,1.2004
191,78,1.0586
191,203,1.0431
191,254,1.0043
191,182,1.2146
191,261,1.2984
191,197,1.4145
191,172,1.0221
191,13,1.1865
191,15,1.1609
191,19,0.8983
191,35,0.8846
191,85,0.9524
191,106,1.2389
191,131,1.1359
192,191,1.4497
192,258,1.0042
192,117,1.0348
192,115,1.3091
192,217,1.1940
192,78,1.0447
192,203,1.0292
192,254,0.9904
192,182,1.2007
192,261,1.2845
192,197,1.4273
192,172,1.0082
192,13,1.1801
192,15,1.1545
192,19,0.8844
192,35,0.8707
192,85,0.9492
192,106,1.2250
192,131,1.1294
193,191,1.4239
193,258,0.9965
193,117,1.0617
193,115,1.3360
193,217,1.2208
193,78,1.0423
193,203,1.0215
193,254,0.9827
193,182,1.1930
193,261,1.2768
193,197,1.4541
193,172,1.0005
193,13,1.2069
193,15,1.1813
193,19,0.8767
193,35,0.8683
193,85,0.9134
193,106,1.2173
193,131,1.1563
194,191,1.0896
194,258,1.2904
194,117,1.1207
194,115,1.0925
194,217,1.2033
194,78,1.3828
194,203,1.4172
194,254,1.3298
194,182,1.3263
194,261,1.2156
194,197,1.0586
194,172,1.2552
194,13,1.1250
194,15,1.0977
194,19,1.2124
194,35,1.2370
194,106,1.2872
194,131,1.1852
195,191,1.2713
195,258,0.9311
195,117,1.1866
195,115,1.3913
195,217,1.3245
195,78,1.0937
195,203,1.0656
195,254,0.9365
195,182,1.1630
195,261,1.1993
195,197,1.3012
195,172,0.9351
195,13,1.3574
195,15,1.3434
195,35,0.9198
195,106,1.1538
195,131,1.2800
196,191,1.2690
196,258,0.9288
196,117,1.1647
196,115,1.4067
196,217,1.3026
196,78,1.0718
196,203,1.0437
196,254,0.9150
196,182,1.1607
196,261,1.1969
196,197,1.2988
196,172,0.9327
196,13,1.3355
196,15,1.3295
196,35,0.8979
196,106,1.1514
196,131,1.2581
197,191,1.4145
197,258,0.9872
197,117,1.0712
197,115,1.3455
197,217,1.2303
197,78,1.0518
197,203,1.0237
197,254,0.9734
197,182,1.1836
197,261,1.2674
197,197,1.4636
197,172,0.9911
197,13,1.2164
197,15,1.1908
197,19,0.8673
197,35,0.8778
197,85,0.9129
197,106,1.2079
197,131,1.1658
198,191,1.4277
198,258,1.0209
198,117,1.0772
198,115,1.3515
198,217,1.2363
198,78,1.0613
198,203,1.0458
198,254,1.0071
198,182,1.2173
198,261,1.3011
198,197,1.4299
198,172,1.0248
198,13,1.2224
198,15,1.1968
198,19,0.9010
198,35,0.8874
198,85,0.9164
198,106,1.2416
198,131,1.1718
199,191,1.4144
199,258,1.0330
199,117,1.0828
199,115,1.3571
199,217,1.2419
199,78,1.0735
199,203,1.0580
199,254,1.0193
199,182,1.2295
199,261,1.3133
199,197,1.4137
199,172,1.0370
199,13,1.2280
199,15,1.2024
199,19,0.9132
199,35,0.8995
199,85,0.9137
199,106,1.2538
199,131,1.1774
200,191,1.4033
200,258,1.0167
200,117,1.1016
200,115,1.3759
200,217,1.2607
200,78,1.0822
200,203,1.0541
200,254,1.0029
200,182,1.2132
200,261,1.2970
200,197,1.4110
200,172,1.0207
200,13,1.2468
200,15,1.2212
200,19,0.8969
200,35,0.9082
200,85,0.8949
200,106,1.2375
200,131,1.1962
201,191,1.3567
201,258,1.0165
201,117,1.1482
201,115,1.4225
201,217,1.3073
201,78,1.1288
201,203,1.1007
201,254,1.0027
201,182,1.2484
201,261,1.2847
201,197,1.3866
201,172,1.0205
201,13,1.2934
201,15,1.2678
201,19,0.8967
201,35,0.9548
201,85,0.8483
201,106,1.2392
201,131,1.2428
202,191,0.9695
202,258,1.0463
202,117,1.2899
202,115,1.0522
202,217,1.2085
202,78,1.2788
202,203,1.2659
202,254,1.0857
202,182,1.1575
202,261,1.0654
202,197,0.9993
202,172,1.0111
202,13,1.1544
202,15,1.1271
202,19,0.9999
202,35,1.2734
202,106,1.1150
202,131,1.2755
203,191,1.0431
203,258,1.2440
203,117,1.1531
203,115,1.0595
203,217,1.1965
203,78,1.4292
203,203,1.4636
203,254,1.2834
203,182,1.2798
203,261,1.1691
203,197,1.0237
203,172,1.2087
203,13,1.1203
203,15,1.0930
203,19,1.1659
203,35,1.2756
203,106,1.2408
203,131,1.2135
204,9,0.9634
205,73,1.0119
206,191,1.3656
206,258,0.9383
206,117,1.0409
206,115,1.3152
206,217,1.2000
206,78,1.0215
206,203,0.9934
206,254,0.9246
206,182,1.1411
206,261,1.2186
206,197,1.4148
206,172,0.9423
206,13,1.1861
206,15,1.1605
206,35,0.8475
206,85,0.8818
206,106,1.1591
206,131,1.1355
207,191,1.3272
207,258,0.8999
207,117,1.0024
207,115,1.2767
207,217,1.1615
207,78,0.9830
207,203,0.9549
207,254,0.8861
207,182,1.1027
207,261,1.1801
207,197,1.3763
207,172,0.9038
207,13,1.1476
207,15,1.1220
207,85,0.8797
207,106,1.1206
207,131,1.0970
208,191,1.3046
208,258,0.8988
208,117,0.9769
208,115,1.2512
208,217,1.1360
208,78,0.9575
208,203,0.9294
208,254,0.8850
208,182,1.0772
208,261,1.1807
208,197,1.3508
208,172,0.9028
208,13,1.1221
208,15,1.0965
208,85,0.9108
208,106,1.1090
208,131,1.0715
209,191,1.2946
209,258,0.8888
209,117,0.9515
209,115,1.2258
209,217,1.1107
209,78,0.9322
209,203,0.9041
209,254,0.8750
209,182,1.0639
209,261,1.1707
209,197,1.3255
209,172,0.8928
209,13,1.0968
209,15,1.0712
209,85,0.9008
209,106,1.0990
209,131,1.0461
210,191,1.3460
210,258,0.9402
210,117,0.9823
210,115,1.2566
210,217,1.1414
210,78,0.9629
210,203,0.9438
210,254,0.9264
210,182,1.1153
210,261,1.2221
210,197,1.3747
210,172,0.9442
210,13,1.1275
210,15,1.1019
210,85,0.9522
210,106,1.1504
210,131,1.0769
211,191,1.2839
211,258,1.0893
211,117,1.1715
211,115,1.3496
211,217,1.3435
211,78,1.2016
211,203,1.1735
211,254,1.0756
211,182,1.3213
211,261,1.3120
211,197,1.3138
211,172,1.0933
211,13,1.3000
211,15,1.2727
211,19,0.9695
211,35,1.0276
211,106,1.3120
211,131,1.3005
212,191,1.2685
212,258,1.1179
212,117,1.1399
212,115,1.3181
212,217,1.3119
212,78,1.1938
212,203,1.1783
212,254,1.1041
212,182,1.3498
212,261,1.3280
212,197,1.2822
212,172,1.1219
212,13,1.2684
212,15,1.2411
212,19,0.9981
212,35,1.0198
212,106,1.3406
212,131,1.2689
213,191,1.2985
213,258,0.9583
213,117,1.2061
213,115,1.3946
213,217,1.3439
213,78,1.1132
213,203,1.0851
213,254,0.9560
213,182,1.1902
213,261,1.2264
213,197,1.3284
213,172,0.9623
213,13,1.3516
213,15,1.3260
213,19,0.8386
213,35,0.9392
213,106,1.1810
213,131,1.2995
214,117,1.0934
214,217,0.9001
214,13,0.9171
214,316,0.9605
214,15,0.9361
214,248,0.8920
214,131,0.9622
215,191,1.2190
215,258,1.0177
215,117,1.2811
215,115,1.2955
215,217,1.4450
215,78,1.2143
215,203,1.1862
215,254,1.0571
215,182,1.2405
215,261,1.2024
215,197,1.2488
215,172,1.0185
215,13,1.3977
215,15,1.3704
215,19,0.9397
215,35,1.0403
215,106,1.2313
215,131,1.3805
216,191,1.2000
216,258,1.0317
216,117,1.2622
216,115,1.2765
216,217,1.4408
216,78,1.2314
216,203,1.2033
216,254,1.0711
216,182,1.2540
216,261,1.2079
216,197,1.2299
216,172,1.0325
216,13,1.3787
216,15,1.3514
216,19,0.9536
216,35,1.0575
216,106,1.2447
216,131,1.3977
217,191,1.2004
217,258,1.0301
217,117,1.2626
217,115,1.2769
217,217,1.4636
217,78,1.2246
217,203,1.1965
217,254,1.0695
217,182,1.2524
217,261,1.2064
217,197,1.2303
217,172,1.0310
217,13,1.3791
217,15,1.3518
217,19,0.9521
217,35,1.0506
217,106,1.2432
217,131,1.3749
218,191,1.2031
218,258,1.0694
218,117,1.2455
218,115,1.2688
218,217,1.4243
218,78,1.2639
218,203,1.2358
218,254,1.1088
218,182,1.2917
218,261,1.2456
218,197,1.2329
218,172,1.0702
218,13,1.3460
218,15,1.3187
218,19,0.9913
218,35,1.0899
218,106,1.2825
218,131,1.3813
219,191,1.1803
219,258,1.1033
219,117,1.2361
219,115,1.2460
219,217,1.3904
219,78,1.2978
219,203,1.2697
219,254,1.1427
219,182,1.3091
219,261,1.2555
219,197,1.2102
219,172,1.1042
219,13,1.3120
219,15,1.2848
219,19,1.0253
219,35,1.1238
219,106,1.2923
219,131,1.3719
220,258,0.9817
220,117,1.1458
220,115,0.9082
220,217,1.0645
220,78,1.1405
220,203,1.1672
220,254,1.0215
220,182,1.0135
220,261,0.9214
220,197,0.8553
220,172,0.9123
220,13,1.0104
220,15,0.9831
220,19,0.9623
220,35,1.2817
220,106,0.9709
220,131,1.1315
221,258,1.0423
221,117,1.1057
221,115,0.8681
221,217,1.0244
221,78,1.2010
221,203,1.2277
221,254,1.0820
221,182,1.0642
221,261,0.9557
221,172,0.9728
221,13,0.9703
221,15,0.9430
221,19,1.0228
221,35,1.3422
221,106,1.0217
221,131,1.0914
222,191,1.2159
222,117,0.8721
222,115,1.1464
222,217,1.0312
222,78,0.8527
222,182,0.9852
222,261,1.0919
222,197,1.2460
222,13,1.0328
222,15,1.0518
222,106,1.0203
222,131,0.9667
223,191,1.2433
223,117,0.9306
223,115,1.1928
223,217,1.0777
223,78,0.8992
223,203,0.8711
223,182,1.0188
223,261,1.0963
223,197,1.2925
223,13,1.1066
223,15,1.1256
223,106,1.0368
223,131,1.0131
224,117,1.1193
224,115,0.9385
224,217,1.0086
224,78,0.8732
224,203,0.8451
224,285,0.8853
224,197,0.8431
224,13,1.0502
224,316,1.1759
224,15,1.0692
224,131,1.0584
225,258,1.1001
225,78,0.9909
225,203,1.0253
225,254,1.1025
225,182,0.8933
225,172,1.0423
225,19,1.2172
225,35,1.1106
225,106,0.8774
226,258,1.0144
226,117,0.9087
226,217,0.8514
226,78,1.0494
226,203,1.0761
226,254,1.0542
226,182,0.9142
226,172,0.9443
226,19,1.0234
226,35,1.2630
226,106,0.8751
226,131,0.8944
227,258,1.1142
227,117,1.0086
227,217,0.9513
227,78,1.1492
227,203,1.1759
227,254,1.1540
227,182,1.0140
227,261,0.9040
227,172,1.0441
227,13,0.8751
227,15,0.8478
227,19,1.0948
227,35,1.3628
227,106,0.9749
227,131,0.9942
228,258,0.9821
228,117,0.9421
228,217,0.8607
228,78,1.0171
228,203,1.0438
228,254,1.0219
228,182,0.8819
228,172,0.9120
228,19,0.9627
228,35,1.2307
228,106,0.8428
228,131,0.9277
229,258,0.9801
229,117,1.0460
229,217,0.9646
229,78,1.0406
229,203,1.0673
229,254,1.0198
229,182,0.9136
229,172,0.9099
229,13,0.9106
229,15,0.8833
229,19,0.9607
229,35,1.2286
229,106,0.8711
229,131,1.0316
230,235,0.9613
230,236,0.8661
231,235,1.1771
231,236,0.9179
232,235,1.1967
232,236,0.9376
233,235,1.2173
233,236,0.9407
234,235,1.1945
234,236,1.1336
235,235,1.4636
235,236,1.0249
236,235,1.0249
236,236,1.4636
237,236,1.0036
238,284,0.8523
238,89,1.0592
238,85,0.9446
240,235,1.0676
240,236,0.9299
241,191,1.3128
241,258,0.9726
241,117,1.1699
241,115,1.4328
241,217,1.3077
241,78,1.0849
241,203,1.0568
241,254,0.9588
241,182,1.2045
241,261,1.2408
241,197,1.3427
241,172,0.9766
241,13,1.3287
241,15,1.3099
241,19,0.8528
241,35,0.9109
241,106,1.1953
241,131,1.2633
242,191,1.2808
242,258,0.9406
242,117,1.2018
242,115,1.4008
242,217,1.3397
242,78,1.1090
242,203,1.0809
242,254,0.9517
242,182,1.1725
242,261,1.2088
242,197,1.3107
242,172,0.9446
242,13,1.3606
242,15,1.3418
242,35,0.9350
242,106,1.1633
242,131,1.2952
243,191,1.2669
243,258,0.9481
243,117,1.2376
243,115,1.3630
243,217,1.3755
243,78,1.1447
243,203,1.1166
243,254,0.9875
243,182,1.1710
243,261,1.1949
243,197,1.2968
243,172,0.9489
243,13,1.3832
243,15,1.3576
243,19,0.8701
243,35,0.9707
243,106,1.1617
243,131,1.3310
244,191,1.2548
244,258,0.9504
244,117,1.2399
244,115,1.3627
244,217,1.3778
244,78,1.1471
244,203,1.1190
244,254,0.9898
244,182,1.1733
244,261,1.1827
244,197,1.2847
244,172,0.9513
244,13,1.3929
244,15,1.3682
244,19,0.8724
244,35,0.9731
244,106,1.1641
244,131,1.3333
245,191,1.2337
245,258,0.9517
245,117,1.2412
245,115,1.3495
245,217,1.3790
245,78,1.1483
245,203,1.1202
245,254,0.9911
245,182,1.1745
245,261,1.1616
245,197,1.2636
245,172,0.9525
245,13,1.4120
245,15,1.3893
245,19,0.8736
245,35,0.9743
245,106,1.1653
245,131,1.3346
246,191,1.2339
246,258,0.9737
246,117,1.2632
246,115,1.3395
246,217,1.4010
246,78,1.1703
246,203,1.1422
246,254,1.0131
246,182,1.1965
246,261,1.1703
246,197,1.2638
246,172,0.9745
246,13,1.4162
246,15,1.3906
246,19,0.8956
246,35,0.9963
246,106,1.1873
246,131,1.3566
247,191,1.2075
247,258,0.9640
247,117,1.2535
247,115,1.3189
247,217,1.3913
247,78,1.1606
247,203,1.1325
247,254,1.0034
247,182,1.1868
247,261,1.1606
247,197,1.2374
247,172,0.9648
247,13,1.4426
247,15,1.4170
247,19,0.8859
247,35,0.9866
247,106,1.1776
247,131,1.3469
248,248,1.4636
249,191,0.9657
249,258,1.2722
249,117,1.0406
249,115,0.9686
249,217,1.0840
249,78,1.3151
249,203,1.3495
249,254,1.3119
249,182,1.2024
249,261,1.0917
249,197,0.9347
249,172,1.2020
249,13,1.0078
249,15,0.9805
249,19,1.2527
249,35,1.3335
249,106,1.1634
249,131,1.1010
250,191,0.9875
250,258,1.2672
250,117,1.0608
250,115,0.9904
250,217,1.1042
250,78,1.3370
250,203,1.3713
250,254,1.3070
250,182,1.2243
250,261,1.1136
250,197,0.9566
250,172,1.1971
250,13,1.0280
250,15,1.0008
250,19,1.2478
250,35,1.3117
250,106,1.1852
250,131,1.1213
251,191,1.0242
251,258,1.2363
251,117,1.0975
251,115,1.0271
251,217,1.1409
251,78,1.3736
251,203,1.4080
251,254,1.2760
251,182,1.2609
251,261,1.1502
251,197,0.9932
251,172,1.1898
251,13,1.0647
251,15,1.0374
251,19,1.2169
251,35,1.3024
251,106,1.2218
251,131,1.1579
252,191,0.9505
252,258,1.3254
252,117,1.0087
252,115,0.9534
252,217,1.0642
252,78,1.2848
252,203,1.3192
252,254,1.3652
252,182,1.1872
252,261,1.0953
252,197,0.9195
252,172,1.2553
252,13,0.9859
252,15,0.9586
252,19,1.3060
252,35,1.2912
252,106,1.1625
252,131,1.0691
253,191,0.9544
253,258,1.3739
253,117,0.9524
253,115,0.9242
253,217,1.0350
253,78,1.2145
253,203,1.2489
253,254,1.4137
253,182,1.1674
253,261,1.1100
253,197,0.9234
253,172,1.3105
253,13,0.9567
253,15,0.9294
253,19,1.3747
253,35,1.2200
253,106,1.1772
253,131,1.0169
254,191,1.0043
254,258,1.4239
254,117,0.9869
254,115,0.9616
254,217,1.0695
254,78,1.2490
254,203,1.2834
254,254,1.4636
254,182,1.2173
254,261,1.1600
254,197,0.9734
254,172,1.3537
254,13,0.9912
254,15,0.9639
254,19,1.3462
254,35,1.1928
254,106,1.2271
254,131,1.0514
255,191,0.9653
255,258,1.4107
255,117,0.9364
255,115,0.9225
255,217,1.0190
255,78,1.1985
255,203,1.2329
255,254,1.4131
255,182,1.1782
255,261,1.1209
255,197,0.9343
255,172,1.3508
255,13,0.9407
255,15,0.9134
255,19,1.3967
255,35,1.1803
255,106,1.1880
255,131,1.0009
256,191,0.9789
256,258,1.4244
256,117,0.9088
256,115,0.9362
256,217,0.9914
256,78,1.1709
256,203,1.2052
256,254,1.3855
256,182,1.1919
256,261,1.1345
256,197,0.9480
256,172,1.3784
256,13,0.9130
256,15,0.8858
256,19,1.3690
256,35,1.1527
256,106,1.2017
256,131,0.9733
257,191,0.9937
257,258,1.4392
257,117,0.9231
257,115,0.9510
257,217,1.0057
257,78,1.1852
257,203,1.2196
257,254,1.3995
257,182,1.2067
257,261,1.1494
257,197,0.9628
257,172,1.3835
257,13,0.9274
257,15,0.9001
257,19,1.3614
257,35,1.1450
257,106,1.2165
257,131,0.9876
258,191,1.0181
258,258,1.4636
258,117,0.9475
258,115,0.9754
258,217,1.0301
258,78,1.2096
258,203,1.2440
258,254,1.4239
258,182,1.2311
258,261,1.1737
258,197,0.9872
258,172,1.3935
258,13,0.9518
258,15,0.9245
258,19,1.3438
258,35,1.1530
258,106,1.2409
258,131,1.0120
259,191,1.0199
259,258,1.0197
259,117,1.3735
259,115,1.1177
259,217,1.2454
259,78,1.2533
259,203,1.2252
259,254,1.0591
259,182,1.1552
259,261,1.0761
259,197,1.0498
259,172,0.9865
259,13,1.2199
259,15,1.1926
259,19,0.9416
259,35,1.1897
259,106,1.1129
259,131,1.3124
260,191,1.0127
260,258,0.9582
260,117,1.4350
260,115,1.1105
260,217,1.2340
260,78,1.1919
260,203,1.1638
260,254,0.9976
260,182,1.0937
260,261,1.0146
260,197,1.0426
260,172,0.9250
260,13,1.2127
260,15,1.1854
260,19,0.8802
260,35,1.1282
260,106,1.0514
260,131,1.2992
261,191,1.2984
261,258,1.1737
261,117,1.0280
261,115,1.2435
261,217,1.2064
261,78,1.1773
261,203,1.1691
261,254,1.1600
261,182,1.3483
261,261,1.4636
261,197,1.2674
261,172,1.1777
261,13,1.1484
261,15,1.1211
261,19,1.0539
261,35,1.0033
261,106,1.3920
261,131,1.1638
262,191,1.3342
262,258,1.1339
262,117,1.0282
262,115,1.2518
262,217,1.2002
262,78,1.1295
262,203,1.1213
262,254,1.1201
262,182,1.3004
262,261,1.4158
262,197,1.3032
262,172,1.1379
262,13,1.1567
262,15,1.1294
262,19,1.0141
262,35,0.9555
262,85,0.8763
262,106,1.3441
262,131,1.1572
263,191,1.2424
263,258,1.2297
263,117,1.0230
263,115,1.1875
263,217,1.2014
263,78,1.1941
263,203,1.1917
263,254,1.2159
263,182,1.3708
263,261,1.4076
263,197,1.2115
263,172,1.2337
263,13,1.1236
263,15,1.0963
263,19,1.1099
263,35,1.0201
263,106,1.4145
263,131,1.1588
264,191,1.1913
264,258,1.2808
264,117,1.0042
264,115,1.1364
264,217,1.1777
264,78,1.2041
264,203,1.2385
264,254,1.2670
264,182,1.3720
264,261,1.3565
264,197,1.1604
264,172,1.2848
264,13,1.1000
264,15,1.0727
264,19,1.1610
264,35,1.0583
264,106,1.3982
264,131,1.1352
265,191,1.1376
265,258,1.3441
265,117,1.0298
265,115,1.0948
265,217,1.1464
265,78,1.2674
265,203,1.3018
265,254,1.3303
265,182,1.3506
265,261,1.2932
265,197,1.1066
265,172,1.3481
265,13,1.0681
265,15,1.0408
265,19,1.2243
265,35,1.1217
265,106,1.3604
265,131,1.1284
266,191,1.1240
266,258,1.2682
266,117,1.0990
266,115,1.1167
266,217,1.2156
266,78,1.3018
266,203,1.3349
266,254,1.2544
266,182,1.3730
266,261,1.2628
266,197,1.0930
266,172,1.2721
266,13,1.1373
266,15,1.1100
266,19,1.1483
266,35,1.1548
266,106,1.3344
266,131,1.1975
267,191,1.1269
267,258,1.2539
267,117,1.1019
267,115,1.1196
267,217,1.2185
267,78,1.3046
267,203,1.3207
267,254,1.2401
267,182,1.3759
267,261,1.2657
267,197,1.0959
267,172,1.2579
267,13,1.1402
267,15,1.1129
267,19,1.1341
267,35,1.1405
267,106,1.3373
267,131,1.2004
268,191,1.1398
268,258,1.2472
268,117,1.1148
268,115,1.1324
268,217,1.2314
268,78,1.3175
268,203,1.3258
268,254,1.2384
268,182,1.3887
268,261,1.2785
268,197,1.1088
268,172,1.2512
268,13,1.1531
268,15,1.1258
268,19,1.1274
268,35,1.1456
268,106,1.3502
268,131,1.2133
270,73,0.9104
271,248,1.2837
272,248,1.1406
273,285,0.9759
273,248,1.0279
274,191,0.8828
274,117,1.2894
274,115,1.0014
274,217,1.0961
274,78,1.0148
274,203,0.9867
274,182,0.9263
274,261,0.8584
274,197,0.9127
274,13,1.1131
274,316,1.0058
274,15,1.1321
274,35,0.9792
274,106,0.8953
274,131,1.1582
275,191,0.9867
275,258,0.9174
275,117,1.4090
275,115,1.0845
275,217,1.2080
275,78,1.1511
275,203,1.1230
275,254,0.9569
275,182,1.0530
275,261,0.9739
275,197,1.0166
275,172,0.8843
275,13,1.1867
275,316,0.8695
275,15,1.1594
275,19,0.8394
275,35,1.0875
275,106,1.0107
275,131,1.2732
276,191,0.9575
276,258,0.8883
276,117,1.3799
276,115,1.0553
276,217,1.1788
276,78,1.1220
276,203,1.0939
276,254,0.9277
276,182,1.0238
276,261,0.9447
276,197,0.9874
276,172,0.8551
276,13,1.1575
276,316,0.8403
276,15,1.1302
276,35,1.0583
276,106,0.9815
276,131,1.2440
277,191,0.9114
277,258,0.8763
277,117,1.3337
277,115,1.0091
277,217,1.1327
277,78,1.1087
277,203,1.0959
277,254,0.9157
277,182,1.0006
277,261,0.9214
277,197,0.9413
277,172,0.8410
277,13,1.1114
277,316,0.8816
277,15,1.0841
277,35,1.1033
277,106,0.9582
277,131,1.1979
278,117,1.0378
278,217,0.8444
278,13,0.8614
278,316,0.8753
278,15,0.8804
278,248,0.9781
278,131,0.9066
279,35,0.9162
280,258,0.8475
280,78,0.8825
280,203,0.9092
280,254,0.8872
280,73,0.8649
280,35,1.0961
281,73,1.0973
281,19,0.9058
281,35,0.9072
282,235,1.0811
283,284,1.3182
283,89,1.0489
284,284,1.4636
284,89,1.1941
284,85,0.8717
285,285,1.4636
285,316,1.1006
286,285,1.3488
286,316,1.1268
287,285,1.1495
288,285,1.2016
288,316,0.8791
289,285,1.0947
290,316,0.9104
295,304,0.9340
295,308,1.2394
296,304,1.3810
296,308,1.1612
297,284,0.8948
297,89,1.0603
298,304,1.1245
298,308,0.8529
298,85,0.9804
299,304,1.2857
299,308,1.0140
299,85,0.8651
300,304,1.2610
300,89,1.0915
300,308,1.1693
300,85,1.0822
301,304,1.2447
301,89,0.8741
301,308,0.9730
301,85,1.0230
302,304,1.3969
302,308,1.1252
302,85,0.8708
303,304,1.4306
303,89,0.9159
303,308,1.1252
303,85,0.9067
304,304,1.4636
304,89,0.8889
304,308,1.1583
304,85,0.8796
305,304,1.4219
305,89,0.9306
305,308,1.1165
305,85,0.9214
306,304,1.2041
306,284,0.8392
306,89,1.1087
306,308,1.3099
306,85,1.0142
307,304,1.2612
307,308,1.0213
308,304,1.1583
308,89,0.9549
308,308,1.4636
308,85,0.8605
309,304,1.4084
309,89,0.8561
309,308,1.2135
310,304,1.3855
310,308,1.2013
311,304,1.4124
311,89,0.8377
311,308,1.1853
312,285,0.9018
314,285,1.0422
314,316,0.9462
315,285,1.2949
315,316,1.0790
316,285,1.1006
316,316,1.4636
