0.6334 0.0936 0.928
0.2412 0.9697 0.2274
0.1591 0.2667 0.3746
0.2024 0.2142 0.8306
0.0831 0.5971 0.3682
0.9154 0.8654 0.8282
0.6485 0.8518 0.0262
0.3903 0.404 0.5259
0.0334 0.6911 0.9677
0.1992 0.5071 0.5555
0.0039 0.2383 0.7516
0.8931 0.8357 0.3881
0.3402 0.8662 0.8311
0.0573 0.5845 0.41
0.4843 0.4644 0.5383
0.0841 0.408 0.9625
0.5702 0.6922 0.9866
0.5629 0.3617 0.3302
0.5057 0.1393 0.7452
0.3315 0.2395 0.0636
0.382 0.227 0.6556
0.1313 0.0201 0.1816
0.6339 0.7883 0.9771
0.7506 0.9764 0.5685
0.4015 0.323 0.0071
0.4354 0.8123 0.5678
0.6103 0.0725 0.4233
0.3032 0.328 0.0534
0.9624 0.4624 0.2878
0.7558 0.0537 0.9931
0.7936 0.3121 0.9397
0.451 0.2651 0.9725
0.7293 0.6865 0.6502
0.8949 0.2542 0.1627
0.4077 0.8214 0.0412
0.4342 0.3384 0.3799
0.304 0.8099 0.4056
0.7256 0.9978 0.6216
0.0829 0.7237 0.5764
0.3095 0.7276 0.7195
0.4148 0.5276 0.1991
0.6899 0.0401 0.8261
0.7334 0.7404 0.5025
0.4614 0.7112 0.3591
0.4526 0.2154 0.9731
0.3618 0.0788 0.7125
0.9317 0.4297 0.3795
0.5841 0.557 0.9762
0.0116 0.6386 0.1219
0.6715 0.0276 0.5989
