0.6334 0.0936 0.928
0.2412 0.9697 0.2274
0.1591 0.2667 0.3746
0.2024 0.2142 0.8306
0.0831 0.5971 0.3682
0.9154 0.8654 0.8282
0.6485 0.8518 0.0262
0.3903 0.404 0.5259
0.0334 0.6911 0.9677
0.1992 0.5071 0.5555
0.0039 0.2383 0.7516
0.8931 0.8357 0.3881
0.3402 0.8662 0.8311
0.0573 0.5845 0.41
0.4843 0.4644 0.5383
0.0841 0.408 0.9625
0.5702 0.6922 0.9866
0.5629 0.3617 0.3302
0.5057 0.1393 0.7452
0.3315 0.2395 0.0636
0.382 0.227 0.6556
0.1313 0.0201 0.1816
0.6339 0.7883 0.9771
0.7506 0.9764 0.5685
0.4015 0.323 0.0071
0.4354 0.8123 0.5678
0.6103 0.0725 0.4233
0.3032 0.328 0.0534
0.9624 0.4624 0.2878
0.7558 0.0537 0.9931
