0.799 0.8681 0.8228
0.9965 0.3512 0.1516
0.1889 0.3407 0.9721
0.5056 0.0386 0.785
0.2361 0.9835 0.0976
0.4041 0.9501 0.4201
0.8965 0.9805 0.2887
0.2964 0.6895 0.9201
0.5953 0.1314 0.9993
0.5574 0.1199 0.3451
0.5672 0.6978 0.7618
0.748 0.3659 0.2776
0.2446 0.7265 0.3431
0.093 0.6195 0.2331
0.4417 0.5283 0.3875
0.2482 0.7531 0.6387
0.7701 0.2809 0.8296
0.9775 0.9112 0.3962
0.2501 0.008 0.9062
0.8295 0.6588 0.8404
0.1557 0.3173 0.9028
0.7432 0.5941 0.5151
0.639 0.9682 0.2925
0.6603 0.2801 0.3402
0.5486 0.0177 0.9174
0.1245 0.9978 0.2465
0.091 0.0702 0.7824
0.2536 0.4205 0.8231
0.1021 0.5413 0.4689
0.5166 0.5006 0.9371
