0.799 0.8681 0.8228
0.9965 0.3512 0.1516
0.1889 0.3407 0.9721
0.5056 0.0386 0.785
0.2361 0.9835 0.0976
0.4041 0.9501 0.4201
0.8965 0.9805 0.2887
0.2964 0.6895 0.9201
0.5953 0.1314 0.9993
0.5574 0.1199 0.3451
0.5672 0.6978 0.7618
0.748 0.3659 0.2776
0.2446 0.7265 0.3431
0.093 0.6195 0.2331
0.4417 0.5283 0.3875
0.2482 0.7531 0.6387
0.7701 0.2809 0.8296
0.9775 0.9112 0.3962
0.2501 0.008 0.9062
0.8295 0.6588 0.8404
0.1557 0.3173 0.9028
0.7432 0.5941 0.5151
0.639 0.9682 0.2925
0.6603 0.2801 0.3402
0.5486 0.0177 0.9174
0.1245 0.9978 0.2465
0.091 0.0702 0.7824
0.2536 0.4205 0.8231
0.1021 0.5413 0.4689
0.5166 0.5006 0.9371
0.6924 0.2966 0.1782
0.9393 0.7022 0.644
0.1327 0.8133 0.7656
0.3377 0.9056 0.4579
0.5018 0.6891 0.0849
0.4883 0.2348 0.5403
0.2876 0.1961 0.0841
0.608 0.0276 0.989
0.7485 0.8195 0.8547
0.5753 0.217 0.5359
0.7964 0.1319 0.9898
0.0273 0.0429 0.2855
0.2943 0.665 0.1898
0.6524 0.2048 0.5482
0.01 0.6961 0.1953
0.8301 0.3748 0.5312
0.8865 0.5946 0.0195
0.403 0.6922 0.3311
0.7479 0.4864 0.9351
0.1069 0.8545 0.132
