0.4593 0.6622 0.6101
0.7228 0.4386 0.4586
0.5111 0.1187 0.3521
0.4111 0.9211 0.3581
0.4372 0.5008 0.1427
0.6092 0.0904 0.1574
0.5282 0.2399 0.099
0.4863 0.9924 0.0245
0.6331 0.9647 0.1043
0.8803 0.1857 0.9365
0.7744 0.3895 0.8843
0.626 0.227 0.9052
0.2174 0.3452 0.5672
0.0194 0.8311 0.572
0.1662 0.4508 0.3624
0.3362 0.7991 0.4914
0.4512 0.8119 0.4971
0.2271 0.0193 0.5023
0.1755 0.0696 0.1178
0.5696 0.571 0.8061
0.9832 0.1349 0.5437
0.6095 0.884 0.7194
0.797 0.312 0.6018
0.0971 0.5492 0.3633
0.2839 0.1493 0.306
0.8071 0.8888 0.7231
0.8612 0.6133 0.4446
0.7966 0.4355 0.4511
0.1115 0.6062 0.9212
0.0333 0.1837 0.9439
0.2403 0.0755 0.8165
0.1529 0.6111 0.8103
0.169 0.162 0.6578
0.2416 0.9326 0.7656
0.9271 0.9456 0.5425
0.0227 0.6961 0.793
0.4068 0.3217 0.1192
0.2394 0.9253 0.8585
0.7775 0.8512 0.1047
0.1979 0.5784 0.0564
