0.575 0.3724 0.6336
0.389 0.7811 0.6461
0.3309 0.5052 0.8883
0.6091 0.9997 0.0906
0.4322 0.0043 0.8644
0.4018 0.3175 0.8857
0.571 0.446 0.5064
0.2347 0.0265 0.2747
0.959 0.436 0.6523
0.9143 0.4412 0.4902
0.1822 0.1206 0.6686
0.3776 0.267 0.1919
0.7647 0.7151 0.5232
0.5344 0.1338 0.7783
0.0994 0.5127 0.9199
0.2539 0.8719 0.9341
0.0622 0.354 0.5937
0.6401 0.0326 0.0359
0.1656 0.7138 0.7274
0.2197 0.6186 0.4421
0.8138 0.4688 0.9325
0.4981 0.7781 0.5996
0.2447 0.714 0.3885
0.0771 0.9586 0.2719
0.3756 0.898 0.0932
0.7169 0.8193 0.3947
0.0625 0.5816 0.4176
0.2042 0.4854 0.9937
0.1922 0.6671 0.3222
0.9808 0.1105 0.9568
