0.1323 0.7736 0.199
0.5525 0.9041 0.3591
0.4782 0.1874 0.5454
0.9208 0.1617 0.7415
0.5194 0.7106 0.8211
0.0612 0.8477 0.0867
0.8558 0.4877 0.7978
0.3411 0.5539 0.8395
0.2375 0.9584 0.1151
0.8666 0.9804 0.1521
0.0951 0.8304 0.1958
0.8265 0.943 0.4854
0.6695 0.3463 0.8307
0.9788 0.0557 0.3121
0.1137 0.0664 0.1227
0.7139 0.7688 0.1557
0.6667 0.4494 0.671
0.2956 0.049 0.8879
0.1756 0.2157 0.69
0.317 0.5319 0.0217
0.1115 0.5338 0.8192
0.2906 0.5417 0.7713
0.1881 0.2862 0.971
0.0574 0.3058 0.2326
0.9935 0.0176 0.4854
0.4468 0.0836 0.1735
0.5847 0.2051 0.6402
0.8758 0.9616 0.4971
0.4015 0.9357 0.7766
0.723 0.3068 0.7989
0.8788 0.6049 0.9864
0.6441 0.212 0.2442
0.1945 0.9735 0.2853
0.3781 0.1614 0.3417
0.8739 0.522 0.9019
0.3681 0.9098 0.0953
0.0123 0.4637 0.8913
0.6998 0.0984 0.0501
0.0424 0.9699 0.4855
0.3755 0.5603 0.4668
