0.8444 0.758 0.4206
0.2589 0.5113 0.4049
0.7838 0.3033 0.4766
0.5834 0.9081 0.5047
0.2818 0.7558 0.6184
0.2505 0.9097 0.9828
0.8102 0.9022 0.3101
0.7298 0.8988 0.684
0.4721 0.1007 0.4342
0.6109 0.913 0.9666
0.477 0.8653 0.2605
0.805 0.5487 0.014
0.7197 0.3988 0.8248
0.6682 0.0011 0.4936
0.8676 0.2439 0.3252
0.8705 0.1911 0.5675
0.2386 0.9675 0.8032
0.448 0.0804 0.3201
0.5079 0.9328 0.1091
0.5513 0.7066 0.5474
0.8145 0.5403 0.9638
0.6032 0.5876 0.445
0.5963 0.3849 0.5757
0.2903 0.1894 0.1867
0.6128 0.6567 0.4765
0.0898 0.7576 0.8768
0.9234 0.8425 0.8982
0.9231 0.5406 0.3913
0.7053 0.2756 0.8116
0.8495 0.895 0.5898
